1687533471,1,28.67
1687533475,1,28.07
1687533476,2,28.83,99
1687533478,1,22.28
1687533478,3,59.91959,14.67526
1687533479,3,57.47273,43.74151
1687533480,1,21.11
1687533480,1,23.43
1687533480,2,24.82,38
1687533480,2,25.54,102
1687533480,3,42.94002,43.40001
1687533481,1,22.74
1687533485,1,23.95
1687533487,1,22.35
1687533487,1,26.71
1687533487,2,57.65,340
1687533489,2,11.39,193
1687533489,3,45.41734,27.50121
1687533490,1,27.38
1687533493,2,15.44,309
1687533493,3,18.53753,56.54549
1687533494,3,23.05823,57.25131
1687533495,1,29.04
1687533495,2,40.61,275
1687533496,2,30.54,22
1687533496,2,39.08,91
1687533497,1,27.02
1687533497,3,13.07422,34.37323
1687533499,2,63.03,200
1687533500,2,44.30,242
1687533500,2,60.43,43
1687533500,3,60.91076,17.74098
1687533501,1,26.50
1687533501,1,28.09
1687533502,2,46.73,179
1687533504,1,20.08
1687533504,2,61.51,109
1687533507,1,22.11
1687533513,1,26.60
1687533513,3,40.51317,42.53198
1687533514,3,62.20289,61.08750
1687533517,2,40.63,249
1687533518,3,46.21541,11.36934
1687533519,2,21.56,343
1687533519,3,19.82339,44.15672
1687533520,1,20.03
1687533520,1,30.17
1687533521,1,23.38
1687533521,1,29.68
1687533521,2,48.87,67
1687533522,3,60.61196,10.25571
1687533524,2,44.96,331
1687533524,3,26.17673,41.29179
1687533525,1,23.31
1687533525,2,64.65,84
1687533525,3,15.64106,12.52294
1687533526,1,29.28
1687533526,2,14.51,65
1687533528,3,26.25132,54.81159
1687533530,1,25.66
1687533530,2,39.51,354
1687533530,2,40.98,48
1687533533,2,39.51,203
1687533533,3,28.59167,53.06919
1687533534,2,28.70,134
1687533537,1,28.78
1687533537,3,48.41069,31.18486
1687533538,2,15.35,171
1687533538,2,16.07,335
1687533539,1,24.75
1687533539,1,25.58
1687533541,2,63.43,170
1687533542,3,41.97330,57.13854
1687533543,1,21.79
1687533544,1,28.71
1687533544,2,60.12,264
1687533544,3,53.96675,36.66470
1687533546,1,20.73
1687533546,2,10.36,318
1687533549,1,21.78
1687533549,1,25.88
1687533549,2,31.99,322
1687533551,2,39.22,185
1687533553,3,20.27453,25.10146
1687533555,3,15.44695,49.06861
1687533556,2,27.48,347
1687533559,3,15.99765,59.72637
1687533560,1,25.04
1687533560,3,31.74509,46.53571
1687533563,1,24.47
1687533563,1,25.54
1687533563,2,37.70,225
1687533563,3,58.36915,62.12483
1687533565,3,27.69887,38.55225
1687533566,1,26.51
1687533566,3,26.47547,15.61449
1687533567,1,27.40
1687533567,1,29.79
1687533568,3,45.62490,18.36634
1687533568,3,56.01372,21.58773